Phylum	Family	A22831	A22833	A22349	A22192	A22187	A22061	A22057	A22145	A22350	X7pRecSw478.1
Verrucomicrobia	Akkermansiaceae	0	9.86137798517705	0	23.2178883658373	27.2611464968153	18.5212298682284	0.0787091696182605	4.93755865155562	0	7.27118513378055
Proteobacteria	Succinivibrionaceae	0	0	0.982817409908404	31.0244339834118	5.80254777070064	2.80846532676694	0.0224883341766459	1.24882696888761	0.1162452775356	6.79312206029763
Proteobacteria	Pasteurellaceae	43.7190652214774	0	0.374406632346059	0	2.84076433121019	0	32.1920503738686	0.194903630982459	0.15983725661145	0
Bacteroidetes	Prevotellaceae	10.763736607982	7.36343672797145	52.7779634953533	0	15.4076433121019	7.75988286969253	12.6440658908191	21.0712481051036	24.8183667538506	16.3698049194232
Firmicutes	Veillonellaceae	3.44589937973811	0.569585506450727	18.2924383231932	0.448329970858552	1.4968152866242	15.3666977239452	8.02271321751841	7.9766115642821	17.8727114210985	5.87554938699977
Epsilonbacteraeota	Helicobacteraceae	0.131570703590001	0.87839692561076	3.12896971317778	13.6740641111858	0	0.871822174896846	0	0.0360932649967516	0.196163905841325	26.324311820495
Proteobacteria	Enterobacteriaceae	0	0	2.11940897238751	3.53620264514683	10.0955414012739	1.1979235990949	0	0.613585504944777	0.15983725661145	0.169635284139101
Firmicutes	Acidaminococcaceae	0	3.58907493823772	2.72781974994986	1.32257341403273	3.29936305732484	4.98469319845601	0	6.15029235544647	5.65242662016856	1.54984964145269
Bacteroidetes	Muribaculaceae	0	10.3074389239638	0.488065788593969	0	0	0	0	0.599148198946077	14.1673931996513	0
Bacteroidetes	Porphyromonadaceae	15.2559363448405	0	0	0	0	0	7.92151571372351	0	0	0
Bacteroidetes	Bacteroidales_RF16_group	0	1.15289596486412	0	0	0	0	0	12.2139608749007	0.36326649229875	0
Firmicutes	Ruminococcaceae	0.225549777582858	30.5311556409553	3.58360633816942	5.98520511096167	12.2547770700637	9.73645680819912	0.579074605048631	7.09593589836137	16.4559721011334	2.79898218829517
Proteobacteria	Neisseriaceae	6.36551594511622	0	0	0	0	0	6.74650025299376	0	0	0
Firmicutes	Carnobacteriaceae	3.04492199736859	0	0	0	0.191082802547771	0	5.24540394670265	0	0	0
Firmicutes	Streptococcaceae	0	0	0	0.151311365164761	0.210191082802548	0	9.81615786810592	0	0	0
Epsilonbacteraeota	Campylobacteraceae	0.144101246789048	0	0	0.0448329970858552	0.375796178343949	0	0.0562208354416147	9.28318775716451	0	0
Proteobacteria	Burkholderiaceae	0.219284505983334	0.329398847104035	6.8462927057565	1.24411566913248	2.00636942675159	1.92333288965793	0.747737111373475	1.47260521186747	0.784655623365301	1.14889351530573
Firmicutes	Lactobacillaceae	0	0.0823497117760088	2.25312562679682	0	0.140127388535032	0.831891388260349	1.40552088604037	3.50826535768426	2.36123219994188	7.44853111265325
Firmicutes	Lachnospiraceae	0.707975690746194	11.7211089761186	4.8606003877783	14.3129343196593	14.0254777070064	7.87302009849594	0.213639174678136	5.34902187251859	2.615518744551	1.23371115737528
Bacteroidetes	Tannerellaceae	0.100244345592381	7.04776283283009	0	0	0	0	0	3.50826535768426	1.35861668119733	11.6354383529956
Firmicutes	Family_XI	0.382181567570954	0	0	0	0	0	4.90807893405296	0	0	0
Fusobacteria	Fusobacteriaceae	11.816302236702	0.260774087290694	0	2.17440035866398	0.751592356687898	5.53706908026088	2.06330466070726	0	0	2.88379983036472
Proteobacteria	Desulfovibrionaceae	0	0.377436178973374	0.294176639700475	0.969513561981618	2.24203821656051	6.70837215493145	0	0.692990687937631	0.399593141528625	0.169635284139101
Proteobacteria	Moraxellaceae	0.676649332748575	0	0	0	0	0	2.28256591892956	0	0	0
Spirochaetes	Spirochaetaceae	0	3.12928904748833	0.0936016580865147	0.35305985205111	0.21656050955414	3.76014907493678	0.0674650025299376	0.194903630982459	6.24818366753851	0
Kiritimatiellaeota	WCHB1-41	0	4.46060938786714	0	0	0	0	0	0.628022810943478	0.799186283057251	0
Firmicutes	Clostridiales_vadinBB60_group	0	0.569585506450727	0	0	0	4.11952615466525	0	0.66411607594023	0.2324905550712	0.601434189220449
Bacteroidetes	Bacteroidaceae	0	0.775459785890749	0	0	0	3.054705177692	0	0.0360932649967516	0	3.22307039864292
Cyanobacteria	Gastranaerophilales	0	0.432335986824046	0	0	0	1.67043790762678	0	6.6700353713997	0.508573089218251	0.231320842007865
Proteobacteria	Rhodospirillales	0	0.301948943178699	0	0.818202196816857	1.21656050955414	0	0	0.736302605933733	0.356001162452775	0
Firmicutes	Clostridiales	0	2.79302772440296	0	0.106478368078906	0	0.153068015439904	0	0.129935753988306	0.225225225225225	0.346981263011797
Tenericutes	Anaeroplasmataceae	0	0.0274499039253363	0	0	0	0	0	0	0	2.04333410440281
Firmicutes	Aerococcaceae	0	0	0	0	0	0	1.18063754427391	0	0	0
Fusobacteria	Leptotrichiaceae	1.15280997431239	0	0	0	0	0	2.20385674931129	0	0	0
Proteobacteria	Betaproteobacteriales	0	0	0	0	0	0	0	1.47982386486682	0	0
Synergistetes	Synergistaceae	0	0	0	0	0	1.03820045254892	0	0	0	1.0255223995682
Euryarchaeota	Methanomethylophilaceae	0	0.171561899533352	0	0.336247478143914	0	1.28444030347398	0	0.281527466974663	0.0726532984597501	0.231320842007865
Patescibacteria	Absconditabacteriales_(SR1)	0.914729653530481	0	0	0	0	0	0	0	0	0
Firmicutes	Erysipelotrichaceae	0	0.295086467197365	0	0	0	0.159723146545987	0	0.801270482927886	0.610287707061901	0
Parabasalia	Trichomonadea_fa	0	0	0.367720799625593	0	0	0	0	0	0	0.377824041946179
Bacteroidetes	Rikenellaceae	0	0.569585506450727	0.434579126830247	0	0	0	0	0.635241463942828	2.33943621040395	0
Firmicutes	Christensenellaceae	0	0.768597309909415	0	0	0.0318471337579618	0.232929588712898	0	0	0.36326649229875	0
Elusimicrobia	Elusimicrobiaceae	0	0.418611034861378	0	0	0	0	0	0.425900526961669	0.0799186283057251	0
Lentisphaerae	vadinBE97	0	0	0	0	0	0	0	0.577492239948026	0.04359197907585	0
Actinobacteria	Micrococcaceae	0	0	0	0	0	0	0.46101085062124	0	0	0
Planctomycetes	Pirellulaceae	0	0	0.0267433308818613	0	0	0	0	0.209340936981159	0.1162452775356	0.169635284139101
Patescibacteria	Saccharimonadales	0.438569011966669	0	0	0	0	0	0	0	0	0
Euryarchaeota	Methanobacteriaceae	0	0.329398847104035	0	0	0	0.0266205244243312	0	0	0.0799186283057251	0.030842778934382
Bacteroidetes	Flavobacteriaceae	0.363385752772383	0	0	0	0	0	0.303592511384719	0	0	0
Spirochaetes	Brachyspiraceae	0	0.199011803458688	0.347663301464197	0	0	0	0	0	0.13077593722755	0
Firmicutes	Clostridiaceae_1	0	0	0	0	0.0828025477707006	0	0.174284589869005	0	0	0
Cyanobacteria	Chloroplast	0	0	0	0	0	0	0.241749592398943	0	0	0
Bacteroidetes	Bacteroidales	0	0.123524567664013	0	0	0	0	0	0.166029018985057	0	0
Firmicutes	Enterococcaceae	0	0	0	0.20735261152208	0	0	0	0	0	0
Bacteroidetes	Weeksellaceae	0.131570703590001	0	0	0	0	0	0.0730870860740991	0	0	0
Tenericutes	Mollicutes_RF39	0	0.295086467197365	0	0	0	0	0	0.173247671984408	0.181633246149375	0
Proteobacteria	Shewanellaceae	0	0	0	0	0	0	0.174284589869005	0	0	0
Firmicutes	Family_XIII	0	0.164699423552018	0	0	0	0.192998802076401	0	0	0	0
Proteobacteria	Paracaedibacteraceae	0	0	0	0	0	0	0	0.209340936981159	0	0
Tenericutes	Izimaplasmatales	0	0.102937139720011	0	0	0	0.186343670970318	0	0.0288746119974013	0.13077593722755	0
Firmicutes	Defluviitaleaceae	0	0	0	0.0728536202645147	0.0509554140127389	0	0	0	0	0
Proteobacteria	Mitochondria	0	0	0	0	0	0	0.0505987518974532	0	0	0
Bacteroidetes	Paludibacteraceae	0	0	0	0	0	0	0.0505987518974532	0	0	0
Proteobacteria	Cardiobacteriaceae	0	0	0	0	0	0	0.0393545848091303	0	0	0
Bacteroidetes	Chitinophagaceae	0	0	0	0	0	0	0.0337325012649688	0	0	0
Actinobacteria	Atopobiaceae	0	0	0	0	0	0	0	0	0	0.046264168401573
